20201100
20201101
20201102
20201103
20201104
20201105
20201106
20201107
20201108
20201109
20201110
20201111
20201112
20201113
20201114
20201115
20201116
20201117
20201118
20201119
20201120
20201121
20201122
20201123
20201124
20201125
20201126
20201127
20201128
20201129
20201130
20201201
20201202
20201203
20201204
20201205
20201206
20201207
20201208
20201209
20201210
20201211
20201212
20201213
20201214
20201215
20201216
20201217
20201218
20201219
20201220
20201221
20201222
20201223
20201224
20201225
20201226
20201227
20201228
20201229
20201230
20201231

